5808
7139
9784
121
4786
2760
8100
3193
1211
7349
928
9395
5422
1929
2168
9058
3070
8893
8288
1432
9831
6202
3139
7991
5580
9891
7240
954
2452
9394
2799
1933
3805
1930
5909
8760
4641
3327
4035
247
9376
4729
4167
3847
5078
7528
3969
8275
744
8406
7966
9518
8276
7848
3485
3474
795
7202
4706
3158
2674
3823
6549
5801
4543
5674
897
7532
4532
5361
7844
1282
2223
8346
7706
6306
4551
3397
6407
3062
9766
4216
4999
1044
9266
5244
8463
4537
6132
2345
1307
433
6168
9355
4230
7117
1112
9492
9606
2021
6832
1402
3883
6882
9435
1150
619
664
8268
5779
4119
8468
2188
541
4398
2596
1870
5343
8291
4940
8740
4035
8155
6229
3441
6105
549
9792
2771
7505
4740
2673
7977
2669
9418
6541
3342
569
9846
9434
4463
6102
7226
3521
9905
4331
5577
2933
9910
7427
4752
265
3194
1086
5933
8673
5183
9460
8915
7948
6143
5469
2973
4598
7708
6540
6714
9549
5159
2626
3723
4370
9095
5492
8271
5770
5227
6492
3128
2120
9163
7925
7200
368
8652
3708
869
7784
9838
9178
9671
1380
3573
9168
919
7187
1721
7357
8303
4806
2392
9613
8184
396
6595
1354
6438
9316
9805
5520
7335
7940
8352
7755
819
4390
3332
3313
6600
540
8760
7952
2354
5723
628
9343
1363
6708
380
8724
6917
4537
7565
2884
2874
6691
2184
9571
40
8788
4015
9243
262
5930
2413
7755
8409
7279
1898
2911
3656
9777
7682
4964
7864
2047
4934
6820
136
8408
8228
1199
2609
8475
616
284
1536
7212
7356
6702
4912
3806
5090
2490
2809
2821
5327
4628
5315
1401
281
4917
4699
3806
7534
4091
482
1865
8166
3341
6001
6218
7056
9023
3486
9791
4416
2772
8534
6746
6734
1171
7668
5394
639
3613
8024
5094
4430
7404
329
4735
6464
8623
1136
7522
4069
4486
2289
3913
1900
1587
8448
4493
3431
6492
3423
7024
3177
1106
803
2608
6178
3850
5526
6447
4893
1991
8534
2267
1176
2338
4874
4786
191
2939
233
4591
1014
323
7824
9265
9964
1843
7757
620
4384
4249
902
1459
8137
4707
165
7765
8861
7727
2062
6894
1138
7402
239
2825
8279
6774
4485
9364
6965
1124
3629
4173
985
4882
1971
2221
4857
4712
8283
4893
6395
7932
9649
9074
518
9681
6638
757
1733
6833
5480
7069
3454
5444
859
9517
9075
3775
6004
4734
2340
1729
1899
1586
493
9182
5981
80
9974
6999
322
3287
5872
1601
2993
2676
9740
1286
337
2812
8263
576
2482
1906
3806
8257
5091
2210
8619
59
7848
3916
8475
7196
1340
5336
3808
7864
911
2007
7267
7291
4551
5816
9408
7506
9898
4278
861
9712
2859
9242
5739
2529
299
2216
3395
4923
1453
582
7816
6272
1699
3746
6813
6077
8507
1714
5564
2095
8675
9670
4477
2746
1379
8980
2795
6952
3164
1819
2618
3615
369
9278
2065
7098
5657
2288
4778
6569
2800
7399
9330
4545
3372
3818
7574
1762
5048
5989
3631
8050
7255
316
5278
4013
6914
5926
5880
8574
5623
4692
7086
9357
1229
7139
2565
9200
932
8938
4552
2600
8926
948
9821
7544
9213
974
6988
9934
118
4482
5428
7842
412
5447
5468
2000
4247
4396
8646
8003
7251
3852
7178
4015
7300
8597
4934
7241
2090
7285
5652
2039
2601
2389
896
4330
4853
553
7510
5458
2221
295
1524
9153
4379
5533
6320
9298
3787
7428
3189
7205
7436
6671
7087
2484
4542
6421
3408
1816
4580
9464
5023
4320
4252
2245
5940
3550
3993
606
8765
1356
4812
7986
5580
9325
1593
1701
3770
5892
9372
9593
2622
5130
6476
8083
7366
2166
1809
3564
6146
9108
4373
3124
2284
2076
7185
297
1759
6827
2407
971
9379
2136
2215
1573
6267
9718
9969
1199
106
6062
2774
2739
1497
6380
8766
5334
1627
3587
7915
741
1928
1995
9969
7265
2354
3513
9451
1641
5849
4222
5625
7835
8905
2091
6489
2817
981
4218
2155
9191
622
9562
9069
5608
9114
3133
4947
185
5810
661
1173
1990
8236
6586
2724
1807
8388
9375
1801
4222
5570
1555
516
2464
9993
1401
6441
3974
7162
9051
1167
4942
5449
7686
7196
4462
948
6746
7421
238
1294
4466
8519
1334
7679
7226
645
2647
2371
4247
7013
557
9984
483
7642
1841
4591
3067
4120
2986
7039
760
3905
7987
720
2514
3636
6735
3986
6753
6735
2914
259
5273
5753
9348
1238
332
9481
2600
4820
2228
7581
6644
4621
2051
5333
4249
5386
6153
6040
9465
8986
4680
3586
5367
6199
8959
6901
9178
6781
7039
3246
4016
4099
5895
7074
7379
6081
6794
1033
3570
2470
4166
69
186
6295
7525
4049
2955
6013
7463
3182
901
9870
6733
2332
9490
9264
9171
9039
6688
1936
643
8285
8213
7444
3208
2065
2699
9604
5452
9679
5096
7931
3446
5779
3194
6016
7538
2238
6943
2720
5318
4742
3085
8032
9443
7130
1046
6634
5692
8990
5165
5366
5232
9252
1308
167
8844
1799
544
9277
7301
2546
6984
1629
5730
7575
2370
8466
8205
9215
4510
9390
9839
6551
5294
9510
686
3599
1789
7326
3488
7724
22
7692
4655
5057
9369
4467
9080
2874
452
4058
4506
5578
736
1930
3232
2206
6807
8652
7306
4664
8245
8904
198
5891
8739
4374
5638
1471
6191
2454
2540
2540
7532
7226
3090
3405
3061
6974
1739
4463
1677
1368
6871
7320
2149
7068
7146
1800
3134
3580
399
7105
8664
5357
5544
9649
3236
7619
4048
1745
4251
9571
7502
8639
4852
6577
5046
9147
4231
4316
492
5526
7243
9402
2206
8876
5359
6414
3598
9978
5645
8705
8677
2882
1404
4289
86
719
3123
2541
630
1407
7204
657
5268
3349
2856
4212
60
496
1738
6113
280
8860
8602
4375
1360
142
6461
3782
4769
2222
6695
6940
6733
4673
611
4726
9706
3848
1512
2218
1038
3732
3522
442
4222
7986
1879
98
2492
2761
6951
