5613
8115
5060
2161
6638
8253
4491
3384
3528
5011
5446
3419
8108
5952
8151
2975
4048
7965
3064
4867
6953
4274
5085
165
7410
9942
130
8975
1339
9748
1330
3800
6741
8506
4082
8977
128
4428
3152
3294
5012
1812
7380
3295
491
1963
3299
3774
6751
8017
4696
5734
8698
5326
9924
6994
6552
2883
3795
657
3864
518
7600
3011
1624
6278
5358
4374
9967
7718
3485
1171
9605
3694
9170
5109
3620
9903
3541
5860
7146
3205
8251
2683
3228
8577
5279
9327
579
5230
4057
583
7188
1205
1363
7886
9884
4111
2414
7909
7490
9849
5809
724
1612
9846
1891
6924
3535
5429
3463
6855
6546
6994
8316
5040
5602
2682
6725
6668
7014
7071
231
2042
9260
9683
4423
881
3915
3494
1857
7438
1676
1815
8719
5231
4695
7326
8040
6850
9712
9001
4702
2885
4861
3744
8136
6425
4528
1709
7335
4035
5160
5912
3592
6985
8375
5408
3882
4987
6779
6506
1576
2450
7018
6129
1350
7730
3483
419
5022
1913
7302
2550
1280
406
4250
8925
8028
8558
2604
673
1609
464
1386
3353
1675
5320
3425
5597
1450
9583
2090
6233
7569
903
2100
8483
7133
5207
1018
2774
4058
4455
7812
8736
7211
2194
9684
8364
172
715
1613
4470
1527
60
6470
7070
407
769
6226
4983
5520
4484
2468
2229
8771
8833
1114
7051
8211
2908
7108
7374
7477
3280
9100
1954
7960
5845
9876
1159
663
557
8281
2043
5616
5618
2253
1346
203
1326
7319
4153
9644
3487
568
3858
5979
2140
3320
7065
3760
1544
2629
9544
8773
9421
7252
6051
235
4210
7850
671
3344
352
4908
9331
7033
6016
1304
9471
7558
527
4276
9419
3997
5334
7983
8351
7152
3422
9342
8332
264
9673
1906
4654
7479
4978
9100
9614
4026
1446
1582
9091
6046
2900
6504
5998
3456
7086
2064
6153
9711
8051
8836
6203
6745
3152
5377
5648
6893
1759
5691
1379
8812
9038
7372
7871
2632
2615
8675
6839
6901
3188
4691
5094
1450
8017
3051
6691
5441
2395
2197
788
6454
17
6703
2178
7818
4462
9584
8089
7722
3817
5526
6403
7608
3407
7337
131
3924
9537
5811
1726
1244
6683
6299
4508
8812
7982
2191
6632
4234
1714
3341
1977
881
8685
986
2772
5312
342
486
1042
6498
1420
5381
9599
4109
8418
3600
4680
7244
3266
2717
905
8089
9019
1124
8636
1847
4824
3226
7114
7100
908
9982
9727
3789
5631
6605
722
2871
5332
3306
6628
5222
353
684
4737
9825
2262
6154
5135
8179
1203
6199
2221
1032
3399
9620
8613
5692
9980
5098
8169
7740
2315
2047
6362
3804
3490
9985
1278
7231
5079
7904
7454
9289
8102
2726
4076
7819
9474
4391
848
9206
483
6789
5351
2313
7286
1352
481
5054
702
3360
4042
3548
1562
7686
6902
4257
1068
5838
9307
8204
3950
7181
9827
4553
44
6406
9035
2444
6027
9378
9445
2033
5244
131
839
7163
7469
4620
358
487
6983
338
8854
7391
5804
8681
644
6341
9788
713
2005
9775
9970
4116
4982
1296
849
7432
6466
6559
7852
2496
9620
8125
1550
9717
9379
3840
2915
5518
1779
1996
8791
5042
7473
6005
7752
7357
3968
5913
7281
2408
550
5646
7750
171
7116
9263
7240
717
3180
8764
4982
9702
8527
4584
6230
3562
247
9913
7152
2169
2710
6264
4761
7308
493
2511
2664
6167
5273
9924
9923
8641
6666
2060
4241
3077
1302
4433
8686
9636
8276
2015
1228
4669
2360
7627
1581
5287
3412
3472
5305
4889
1839
9036
3161
971
8033
7169
8896
4375
8056
7082
6351
6066
8617
9430
3697
6883
8355
7387
6814
2042
5553
821
6028
4056
7629
342
6728
1897
5950
6134
4807
8888
895
1721
6093
5070
7060
573
379
5175
6614
7825
4766
973
2349
6587
3178
7713
3325
8991
7313
5806
1956
9083
9209
6002
5295
2968
8343
3654
782
9913
4085
9368
9240
9981
6349
1531
6106
8295
9283
4164
5062
3049
7043
5824
4872
294
5542
6966
2439
2329
2058
4483
4386
958
948
3903
1755
1734
5632
5761
7017
9387
6487
673
9127
3819
694
685
2860
2882
7867
6075
2871
6154
6821
9411
795
6310
4590
5083
3634
6791
2478
1933
58
9212
1826
7083
1438
1729
3748
4215
4824
2639
983
5414
7075
2441
1192
1116
1802
6636
3913
6857
4356
9995
3020
6275
5841
7887
2632
8333
3017
3008
9814
506
2348
3420
3388
2159
1127
9623
8032
8726
4836
9360
8311
4600
3021
8935
9665
6005
5109
5101
2833
6102
6446
8002
2457
7007
8389
2899
7871
6614
3913
6089
2122
9287
7389
9059
5514
9823
2744
3879
4088
4563
2882
1045
3295
7862
4743
3182
2067
1804
1294
5799
5144
6215
4127
3371
1963
1499
2500
9931
33
4393
6592
2322
473
5649
986
9783
1650
8711
5850
7651
8295
4918
8597
9627
9426
7953
7276
3374
3126
682
2339
8870
2965
5691
3415
2525
7148
1021
1284
6357
5077
4631
9517
4179
4710
8128
156
2813
6021
6966
6926
4961
7212
5991
4995
4888
1740
7186
3665
543
7866
7285
7092
5492
3338
9006
211
801
4585
8278
7760
6362
8439
6932
6309
8616
756
6317
6952
8597
4325
805
9271
1288
6873
5211
6039
2743
4014
7828
9939
1402
5875
1935
4801
9659
4107
2582
7233
9738
3035
9249
4071
4079
8023
7460
1297
2809
803
8062
5580
2613
1794
9182
1638
5772
102
9215
3852
9644
3146
3235
9257
5424
9390
4259
3008
9467
1121
6438
7152
5688
4561
9568
4077
9527
4651
2976
6801
4935
2840
4579
1755
4341
8930
7055
9368
4285
6021
2657
5542
2825
1495
2794
5728
8889
4447
4313
1089
4951
1231
3388
9705
8948
2334
1039
9899
7076
925
4044
6144
5513
4995
5768
7779
4200
9453
5228
8727
912
1122
137
7212
7629
3567
3714
1185
9216
8143
4057
6295
7598
7297
646
1344
4641
5569
7053
6320
45
8782
3845
7230
4041
1744
4211
3798
4478
9562
